project3d:  Namespace(positionalargs=['210kd_masked.mrc'], help_to_html=False, sym='c1', orientgen='eman:delta=4:inc_mirror=1', outfile='delta4.hdf', smear=0, projector='standard', append=False, verbose=2, check=False, nofilecheck=False, postprocess=None, cuda=False, prethreshold=False, compressbits=0, ppid=-1, parallel=None)
e2project3.py command line arguments test.... PASSED
Generating and saving projections for  210kd_masked.mrc
0	0.00	0.00	0.00
1	0.00	4.00	0.00
2	57.34	4.00	0.00
3	114.68	4.00	0.00
4	172.03	4.00	0.00
5	-130.63	4.00	0.00
6	-73.29	4.00	0.00
7	-15.95	4.00	0.00
8	0.00	8.00	0.00
9	28.74	8.00	0.00
10	57.48	8.00	0.00
11	86.22	8.00	0.00
12	114.96	8.00	0.00
13	143.71	8.00	0.00
14	172.45	8.00	0.00
15	-158.81	8.00	0.00
16	-130.07	8.00	0.00
17	-101.33	8.00	0.00
18	-72.59	8.00	0.00
19	-43.85	8.00	0.00
20	-15.11	8.00	0.00
21	0.00	12.00	0.00
22	19.24	12.00	0.00
23	38.48	12.00	0.00
24	57.72	12.00	0.00
25	76.96	12.00	0.00
26	96.19	12.00	0.00
27	115.43	12.00	0.00
28	134.67	12.00	0.00
29	153.91	12.00	0.00
30	173.15	12.00	0.00
31	-167.61	12.00	0.00
32	-148.37	12.00	0.00
33	-129.13	12.00	0.00
34	-109.89	12.00	0.00
35	-90.65	12.00	0.00
36	-71.42	12.00	0.00
37	-52.18	12.00	0.00
38	-32.94	12.00	0.00
39	-13.70	12.00	0.00
40	0.00	16.00	0.00
41	14.51	16.00	0.00
42	29.02	16.00	0.00
43	43.54	16.00	0.00
44	58.05	16.00	0.00
45	72.56	16.00	0.00
46	87.07	16.00	0.00
47	101.58	16.00	0.00
48	116.09	16.00	0.00
49	130.61	16.00	0.00
50	145.12	16.00	0.00
51	159.63	16.00	0.00
52	174.14	16.00	0.00
53	-171.35	16.00	0.00
54	-156.83	16.00	0.00
55	-142.32	16.00	0.00
56	-127.81	16.00	0.00
57	-113.30	16.00	0.00
58	-98.79	16.00	0.00
59	-84.28	16.00	0.00
60	-69.76	16.00	0.00
61	-55.25	16.00	0.00
62	-40.74	16.00	0.00
63	-26.23	16.00	0.00
64	-11.72	16.00	0.00
65	0.00	20.00	0.00
66	11.70	20.00	0.00
67	23.39	20.00	0.00
68	35.09	20.00	0.00
69	46.78	20.00	0.00
70	58.48	20.00	0.00
71	70.17	20.00	0.00
72	81.87	20.00	0.00
73	93.56	20.00	0.00
74	105.26	20.00	0.00
75	116.95	20.00	0.00
76	128.65	20.00	0.00
77	140.34	20.00	0.00
78	152.04	20.00	0.00
79	163.73	20.00	0.00
80	175.43	20.00	0.00
81	-172.88	20.00	0.00
82	-161.18	20.00	0.00
83	-149.49	20.00	0.00
84	-137.79	20.00	0.00
85	-126.10	20.00	0.00
86	-114.40	20.00	0.00
87	-102.71	20.00	0.00
88	-91.01	20.00	0.00
89	-79.31	20.00	0.00
90	-67.62	20.00	0.00
91	-55.92	20.00	0.00
92	-44.23	20.00	0.00
93	-32.53	20.00	0.00
94	-20.84	20.00	0.00
95	-9.14	20.00	0.00
96	0.00	24.00	0.00
97	9.83	24.00	0.00
98	19.67	24.00	0.00
99	29.50	24.00	0.00
100	39.34	24.00	0.00
101	49.17	24.00	0.00
102	59.01	24.00	0.00
103	68.84	24.00	0.00
104	78.67	24.00	0.00
105	88.51	24.00	0.00
106	98.34	24.00	0.00
107	108.18	24.00	0.00
108	118.01	24.00	0.00
109	127.85	24.00	0.00
110	137.68	24.00	0.00
111	147.52	24.00	0.00
112	157.35	24.00	0.00
113	167.18	24.00	0.00
114	177.02	24.00	0.00
115	-173.15	24.00	0.00
116	-163.31	24.00	0.00
117	-153.48	24.00	0.00
118	-143.64	24.00	0.00
119	-133.81	24.00	0.00
120	-123.97	24.00	0.00
121	-114.14	24.00	0.00
122	-104.31	24.00	0.00
123	-94.47	24.00	0.00
124	-84.64	24.00	0.00
125	-74.80	24.00	0.00
126	-64.97	24.00	0.00
127	-55.13	24.00	0.00
128	-45.30	24.00	0.00
129	-35.47	24.00	0.00
130	-25.63	24.00	0.00
131	-15.80	24.00	0.00
132	-5.96	24.00	0.00
133	0.00	28.00	0.00
134	8.52	28.00	0.00
135	17.04	28.00	0.00
136	25.56	28.00	0.00
137	34.08	28.00	0.00
138	42.60	28.00	0.00
139	51.12	28.00	0.00
140	59.64	28.00	0.00
141	68.16	28.00	0.00
142	76.68	28.00	0.00
143	85.20	28.00	0.00
144	93.72	28.00	0.00
145	102.24	28.00	0.00
146	110.76	28.00	0.00
147	119.28	28.00	0.00
148	127.80	28.00	0.00
149	136.32	28.00	0.00
150	144.84	28.00	0.00
151	153.36	28.00	0.00
152	161.88	28.00	0.00
153	170.40	28.00	0.00
154	178.92	28.00	0.00
155	-172.56	28.00	0.00
156	-164.03	28.00	0.00
157	-155.51	28.00	0.00
158	-146.99	28.00	0.00
159	-138.47	28.00	0.00
160	-129.95	28.00	0.00
161	-121.43	28.00	0.00
162	-112.91	28.00	0.00
163	-104.39	28.00	0.00
164	-95.87	28.00	0.00
165	-87.35	28.00	0.00
166	-78.83	28.00	0.00
167	-70.31	28.00	0.00
168	-61.79	28.00	0.00
169	-53.27	28.00	0.00
170	-44.75	28.00	0.00
171	-36.23	28.00	0.00
172	-27.71	28.00	0.00
173	-19.19	28.00	0.00
174	-10.67	28.00	0.00
175	-2.15	28.00	0.00
176	0.00	32.00	0.00
177	7.55	32.00	0.00
178	15.10	32.00	0.00
179	22.64	32.00	0.00
180	30.19	32.00	0.00
181	37.74	32.00	0.00
182	45.29	32.00	0.00
183	52.84	32.00	0.00
184	60.39	32.00	0.00
185	67.93	32.00	0.00
186	75.48	32.00	0.00
187	83.03	32.00	0.00
188	90.58	32.00	0.00
189	98.13	32.00	0.00
190	105.68	32.00	0.00
191	113.22	32.00	0.00
192	120.77	32.00	0.00
193	128.32	32.00	0.00
194	135.87	32.00	0.00
195	143.42	32.00	0.00
196	150.97	32.00	0.00
197	158.51	32.00	0.00
198	166.06	32.00	0.00
199	173.61	32.00	0.00
200	-178.84	32.00	0.00
201	-171.29	32.00	0.00
202	-163.74	32.00	0.00
203	-156.20	32.00	0.00
204	-148.65	32.00	0.00
205	-141.10	32.00	0.00
206	-133.55	32.00	0.00
207	-126.00	32.00	0.00
208	-118.45	32.00	0.00
209	-110.91	32.00	0.00
210	-103.36	32.00	0.00
211	-95.81	32.00	0.00
212	-88.26	32.00	0.00
213	-80.71	32.00	0.00
214	-73.16	32.00	0.00
215	-65.62	32.00	0.00
216	-58.07	32.00	0.00
217	-50.52	32.00	0.00
218	-42.97	32.00	0.00
219	-35.42	32.00	0.00
220	-27.87	32.00	0.00
221	-20.33	32.00	0.00
222	-12.78	32.00	0.00
223	-5.23	32.00	0.00
224	0.00	36.00	0.00
225	6.81	36.00	0.00
226	13.61	36.00	0.00
227	20.42	36.00	0.00
228	27.22	36.00	0.00
229	34.03	36.00	0.00
230	40.83	36.00	0.00
231	47.64	36.00	0.00
232	54.44	36.00	0.00
233	61.25	36.00	0.00
234	68.05	36.00	0.00
235	74.86	36.00	0.00
236	81.66	36.00	0.00
237	88.47	36.00	0.00
238	95.27	36.00	0.00
239	102.08	36.00	0.00
240	108.88	36.00	0.00
241	115.69	36.00	0.00
242	122.49	36.00	0.00
243	129.30	36.00	0.00
244	136.10	36.00	0.00
245	142.91	36.00	0.00
246	149.71	36.00	0.00
247	156.52	36.00	0.00
248	163.32	36.00	0.00
249	170.13	36.00	0.00
250	176.94	36.00	0.00
251	-176.26	36.00	0.00
252	-169.45	36.00	0.00
253	-162.65	36.00	0.00
254	-155.84	36.00	0.00
255	-149.04	36.00	0.00
256	-142.23	36.00	0.00
257	-135.43	36.00	0.00
258	-128.62	36.00	0.00
259	-121.82	36.00	0.00
260	-115.01	36.00	0.00
261	-108.21	36.00	0.00
262	-101.40	36.00	0.00
263	-94.60	36.00	0.00
264	-87.79	36.00	0.00
265	-80.99	36.00	0.00
266	-74.18	36.00	0.00
267	-67.38	36.00	0.00
268	-60.57	36.00	0.00
269	-53.77	36.00	0.00
270	-46.96	36.00	0.00
271	-40.16	36.00	0.00
272	-33.35	36.00	0.00
273	-26.54	36.00	0.00
274	-19.74	36.00	0.00
275	-12.93	36.00	0.00
276	-6.13	36.00	0.00
277	0.00	40.00	0.00
278	6.22	40.00	0.00
279	12.45	40.00	0.00
280	18.67	40.00	0.00
281	24.89	40.00	0.00
282	31.11	40.00	0.00
283	37.34	40.00	0.00
284	43.56	40.00	0.00
285	49.78	40.00	0.00
286	56.01	40.00	0.00
287	62.23	40.00	0.00
288	68.45	40.00	0.00
289	74.67	40.00	0.00
290	80.90	40.00	0.00
291	87.12	40.00	0.00
292	93.34	40.00	0.00
293	99.57	40.00	0.00
294	105.79	40.00	0.00
295	112.01	40.00	0.00
296	118.24	40.00	0.00
297	124.46	40.00	0.00
298	130.68	40.00	0.00
299	136.90	40.00	0.00
300	143.13	40.00	0.00
301	149.35	40.00	0.00
302	155.57	40.00	0.00
303	161.80	40.00	0.00
304	168.02	40.00	0.00
305	174.24	40.00	0.00
306	-179.54	40.00	0.00
307	-173.31	40.00	0.00
308	-167.09	40.00	0.00
309	-160.87	40.00	0.00
310	-154.64	40.00	0.00
311	-148.42	40.00	0.00
312	-142.20	40.00	0.00
313	-135.98	40.00	0.00
314	-129.75	40.00	0.00
315	-123.53	40.00	0.00
316	-117.31	40.00	0.00
317	-111.08	40.00	0.00
318	-104.86	40.00	0.00
319	-98.64	40.00	0.00
320	-92.42	40.00	0.00
321	-86.19	40.00	0.00
322	-79.97	40.00	0.00
323	-73.75	40.00	0.00
324	-67.52	40.00	0.00
325	-61.30	40.00	0.00
326	-55.08	40.00	0.00
327	-48.86	40.00	0.00
328	-42.63	40.00	0.00
329	-36.41	40.00	0.00
330	-30.19	40.00	0.00
331	-23.96	40.00	0.00
332	-17.74	40.00	0.00
333	-11.52	40.00	0.00
334	-5.29	40.00	0.00
335	0.00	44.00	0.00
336	5.76	44.00	0.00
337	11.52	44.00	0.00
338	17.27	44.00	0.00
339	23.03	44.00	0.00
340	28.79	44.00	0.00
341	34.55	44.00	0.00
342	40.31	44.00	0.00
343	46.07	44.00	0.00
344	51.82	44.00	0.00
345	57.58	44.00	0.00
346	63.34	44.00	0.00
347	69.10	44.00	0.00
348	74.86	44.00	0.00
349	80.62	44.00	0.00
350	86.37	44.00	0.00
351	92.13	44.00	0.00
352	97.89	44.00	0.00
353	103.65	44.00	0.00
354	109.41	44.00	0.00
355	115.16	44.00	0.00
356	120.92	44.00	0.00
357	126.68	44.00	0.00
358	132.44	44.00	0.00
359	138.20	44.00	0.00
360	143.96	44.00	0.00
361	149.71	44.00	0.00
362	155.47	44.00	0.00
363	161.23	44.00	0.00
364	166.99	44.00	0.00
365	172.75	44.00	0.00
366	178.50	44.00	0.00
367	-175.74	44.00	0.00
368	-169.98	44.00	0.00
369	-164.22	44.00	0.00
370	-158.46	44.00	0.00
371	-152.70	44.00	0.00
372	-146.95	44.00	0.00
373	-141.19	44.00	0.00
374	-135.43	44.00	0.00
375	-129.67	44.00	0.00
376	-123.91	44.00	0.00
377	-118.15	44.00	0.00
378	-112.40	44.00	0.00
379	-106.64	44.00	0.00
380	-100.88	44.00	0.00
381	-95.12	44.00	0.00
382	-89.36	44.00	0.00
383	-83.61	44.00	0.00
384	-77.85	44.00	0.00
385	-72.09	44.00	0.00
386	-66.33	44.00	0.00
387	-60.57	44.00	0.00
388	-54.81	44.00	0.00
389	-49.06	44.00	0.00
390	-43.30	44.00	0.00
391	-37.54	44.00	0.00
392	-31.78	44.00	0.00
393	-26.02	44.00	0.00
394	-20.26	44.00	0.00
395	-14.51	44.00	0.00
396	-8.75	44.00	0.00
397	-2.99	44.00	0.00
398	0.00	48.00	0.00
399	5.38	48.00	0.00
400	10.77	48.00	0.00
401	16.15	48.00	0.00
402	21.53	48.00	0.00
403	26.91	48.00	0.00
404	32.30	48.00	0.00
405	37.68	48.00	0.00
406	43.06	48.00	0.00
407	48.44	48.00	0.00
408	53.83	48.00	0.00
409	59.21	48.00	0.00
410	64.59	48.00	0.00
411	69.97	48.00	0.00
412	75.36	48.00	0.00
413	80.74	48.00	0.00
414	86.12	48.00	0.00
415	91.50	48.00	0.00
416	96.89	48.00	0.00
417	102.27	48.00	0.00
418	107.65	48.00	0.00
419	113.03	48.00	0.00
420	118.42	48.00	0.00
421	123.80	48.00	0.00
422	129.18	48.00	0.00
423	134.56	48.00	0.00
424	139.95	48.00	0.00
425	145.33	48.00	0.00
426	150.71	48.00	0.00
427	156.09	48.00	0.00
428	161.48	48.00	0.00
429	166.86	48.00	0.00
430	172.24	48.00	0.00
431	177.62	48.00	0.00
432	-176.99	48.00	0.00
433	-171.61	48.00	0.00
434	-166.23	48.00	0.00
435	-160.85	48.00	0.00
436	-155.46	48.00	0.00
437	-150.08	48.00	0.00
438	-144.70	48.00	0.00
439	-139.32	48.00	0.00
440	-133.93	48.00	0.00
441	-128.55	48.00	0.00
442	-123.17	48.00	0.00
443	-117.79	48.00	0.00
444	-112.40	48.00	0.00
445	-107.02	48.00	0.00
446	-101.64	48.00	0.00
447	-96.26	48.00	0.00
448	-90.87	48.00	0.00
449	-85.49	48.00	0.00
450	-80.11	48.00	0.00
451	-74.73	48.00	0.00
452	-69.34	48.00	0.00
453	-63.96	48.00	0.00
454	-58.58	48.00	0.00
455	-53.20	48.00	0.00
456	-47.81	48.00	0.00
457	-42.43	48.00	0.00
458	-37.05	48.00	0.00
459	-31.67	48.00	0.00
460	-26.28	48.00	0.00
461	-20.90	48.00	0.00
462	-15.52	48.00	0.00
463	-10.14	48.00	0.00
464	-4.75	48.00	0.00
465	0.00	52.00	0.00
466	5.08	52.00	0.00
467	10.15	52.00	0.00
468	15.23	52.00	0.00
469	20.30	52.00	0.00
470	25.38	52.00	0.00
471	30.46	52.00	0.00
472	35.53	52.00	0.00
473	40.61	52.00	0.00
474	45.68	52.00	0.00
475	50.76	52.00	0.00
476	55.84	52.00	0.00
477	60.91	52.00	0.00
478	65.99	52.00	0.00
479	71.07	52.00	0.00
480	76.14	52.00	0.00
481	81.22	52.00	0.00
482	86.29	52.00	0.00
483	91.37	52.00	0.00
484	96.45	52.00	0.00
485	101.52	52.00	0.00
486	106.60	52.00	0.00
487	111.67	52.00	0.00
488	116.75	52.00	0.00
489	121.83	52.00	0.00
490	126.90	52.00	0.00
491	131.98	52.00	0.00
492	137.05	52.00	0.00
493	142.13	52.00	0.00
494	147.21	52.00	0.00
495	152.28	52.00	0.00
496	157.36	52.00	0.00
497	162.43	52.00	0.00
498	167.51	52.00	0.00
499	172.59	52.00	0.00
500	177.66	52.00	0.00
501	-177.26	52.00	0.00
502	-172.19	52.00	0.00
503	-167.11	52.00	0.00
504	-162.03	52.00	0.00
505	-156.96	52.00	0.00
506	-151.88	52.00	0.00
507	-146.80	52.00	0.00
508	-141.73	52.00	0.00
509	-136.65	52.00	0.00
510	-131.58	52.00	0.00
511	-126.50	52.00	0.00
512	-121.42	52.00	0.00
513	-116.35	52.00	0.00
514	-111.27	52.00	0.00
515	-106.20	52.00	0.00
516	-101.12	52.00	0.00
517	-96.04	52.00	0.00
518	-90.97	52.00	0.00
519	-85.89	52.00	0.00
520	-80.82	52.00	0.00
521	-75.74	52.00	0.00
522	-70.66	52.00	0.00
523	-65.59	52.00	0.00
524	-60.51	52.00	0.00
525	-55.44	52.00	0.00
526	-50.36	52.00	0.00
527	-45.28	52.00	0.00
528	-40.21	52.00	0.00
529	-35.13	52.00	0.00
530	-30.05	52.00	0.00
531	-24.98	52.00	0.00
532	-19.90	52.00	0.00
533	-14.83	52.00	0.00
534	-9.75	52.00	0.00
535	-4.67	52.00	0.00
536	0.00	56.00	0.00
537	4.82	56.00	0.00
538	9.65	56.00	0.00
539	14.47	56.00	0.00
540	19.30	56.00	0.00
541	24.12	56.00	0.00
542	28.95	56.00	0.00
543	33.77	56.00	0.00
544	38.60	56.00	0.00
545	43.42	56.00	0.00
546	48.25	56.00	0.00
547	53.07	56.00	0.00
548	57.90	56.00	0.00
549	62.72	56.00	0.00
550	67.55	56.00	0.00
551	72.37	56.00	0.00
552	77.20	56.00	0.00
553	82.02	56.00	0.00
554	86.85	56.00	0.00
555	91.67	56.00	0.00
556	96.50	56.00	0.00
557	101.32	56.00	0.00
558	106.15	56.00	0.00
559	110.97	56.00	0.00
560	115.80	56.00	0.00
561	120.62	56.00	0.00
562	125.45	56.00	0.00
563	130.27	56.00	0.00
564	135.10	56.00	0.00
565	139.92	56.00	0.00
566	144.75	56.00	0.00
567	149.57	56.00	0.00
568	154.40	56.00	0.00
569	159.22	56.00	0.00
570	164.05	56.00	0.00
571	168.87	56.00	0.00
572	173.70	56.00	0.00
573	178.52	56.00	0.00
574	-176.65	56.00	0.00
575	-171.83	56.00	0.00
576	-167.01	56.00	0.00
577	-162.18	56.00	0.00
578	-157.36	56.00	0.00
579	-152.53	56.00	0.00
580	-147.71	56.00	0.00
581	-142.88	56.00	0.00
582	-138.06	56.00	0.00
583	-133.23	56.00	0.00
584	-128.41	56.00	0.00
585	-123.58	56.00	0.00
586	-118.76	56.00	0.00
587	-113.93	56.00	0.00
588	-109.11	56.00	0.00
589	-104.28	56.00	0.00
590	-99.46	56.00	0.00
591	-94.63	56.00	0.00
592	-89.81	56.00	0.00
593	-84.98	56.00	0.00
594	-80.16	56.00	0.00
595	-75.33	56.00	0.00
596	-70.51	56.00	0.00
597	-65.68	56.00	0.00
598	-60.86	56.00	0.00
599	-56.03	56.00	0.00
600	-51.21	56.00	0.00
601	-46.38	56.00	0.00
602	-41.56	56.00	0.00
603	-36.73	56.00	0.00
604	-31.91	56.00	0.00
605	-27.08	56.00	0.00
606	-22.26	56.00	0.00
607	-17.43	56.00	0.00
608	-12.61	56.00	0.00
609	-7.78	56.00	0.00
610	-2.96	56.00	0.00
611	0.00	60.00	0.00
612	4.62	60.00	0.00
613	9.24	60.00	0.00
614	13.86	60.00	0.00
615	18.48	60.00	0.00
616	23.09	60.00	0.00
617	27.71	60.00	0.00
618	32.33	60.00	0.00
619	36.95	60.00	0.00
620	41.57	60.00	0.00
621	46.19	60.00	0.00
622	50.81	60.00	0.00
623	55.43	60.00	0.00
624	60.04	60.00	0.00
625	64.66	60.00	0.00
626	69.28	60.00	0.00
627	73.90	60.00	0.00
628	78.52	60.00	0.00
629	83.14	60.00	0.00
630	87.76	60.00	0.00
631	92.38	60.00	0.00
632	96.99	60.00	0.00
633	101.61	60.00	0.00
634	106.23	60.00	0.00
635	110.85	60.00	0.00
636	115.47	60.00	0.00
637	120.09	60.00	0.00
638	124.71	60.00	0.00
639	129.33	60.00	0.00
640	133.95	60.00	0.00
641	138.56	60.00	0.00
642	143.18	60.00	0.00
643	147.80	60.00	0.00
644	152.42	60.00	0.00
645	157.04	60.00	0.00
646	161.66	60.00	0.00
647	166.28	60.00	0.00
648	170.90	60.00	0.00
649	175.51	60.00	0.00
650	-179.87	60.00	0.00
651	-175.25	60.00	0.00
652	-170.63	60.00	0.00
653	-166.01	60.00	0.00
654	-161.39	60.00	0.00
655	-156.77	60.00	0.00
656	-152.15	60.00	0.00
657	-147.54	60.00	0.00
658	-142.92	60.00	0.00
659	-138.30	60.00	0.00
660	-133.68	60.00	0.00
661	-129.06	60.00	0.00
662	-124.44	60.00	0.00
663	-119.82	60.00	0.00
664	-115.20	60.00	0.00
665	-110.58	60.00	0.00
666	-105.97	60.00	0.00
667	-101.35	60.00	0.00
668	-96.73	60.00	0.00
669	-92.11	60.00	0.00
670	-87.49	60.00	0.00
671	-82.87	60.00	0.00
672	-78.25	60.00	0.00
673	-73.63	60.00	0.00
674	-69.02	60.00	0.00
675	-64.40	60.00	0.00
676	-59.78	60.00	0.00
677	-55.16	60.00	0.00
678	-50.54	60.00	0.00
679	-45.92	60.00	0.00
680	-41.30	60.00	0.00
681	-36.68	60.00	0.00
682	-32.06	60.00	0.00
683	-27.45	60.00	0.00
684	-22.83	60.00	0.00
685	-18.21	60.00	0.00
686	-13.59	60.00	0.00
687	-8.97	60.00	0.00
688	-4.35	60.00	0.00
689	0.00	64.00	0.00
690	4.45	64.00	0.00
691	8.90	64.00	0.00
692	13.35	64.00	0.00
693	17.80	64.00	0.00
694	22.25	64.00	0.00
695	26.70	64.00	0.00
696	31.15	64.00	0.00
697	35.60	64.00	0.00
698	40.05	64.00	0.00
699	44.50	64.00	0.00
700	48.95	64.00	0.00
701	53.40	64.00	0.00
702	57.86	64.00	0.00
703	62.31	64.00	0.00
704	66.76	64.00	0.00
705	71.21	64.00	0.00
706	75.66	64.00	0.00
707	80.11	64.00	0.00
708	84.56	64.00	0.00
709	89.01	64.00	0.00
710	93.46	64.00	0.00
711	97.91	64.00	0.00
712	102.36	64.00	0.00
713	106.81	64.00	0.00
714	111.26	64.00	0.00
715	115.71	64.00	0.00
716	120.16	64.00	0.00
717	124.61	64.00	0.00
718	129.06	64.00	0.00
719	133.51	64.00	0.00
720	137.96	64.00	0.00
721	142.41	64.00	0.00
722	146.86	64.00	0.00
723	151.31	64.00	0.00
724	155.76	64.00	0.00
725	160.21	64.00	0.00
726	164.67	64.00	0.00
727	169.12	64.00	0.00
728	173.57	64.00	0.00
729	178.02	64.00	0.00
730	-177.53	64.00	0.00
731	-173.08	64.00	0.00
732	-168.63	64.00	0.00
733	-164.18	64.00	0.00
734	-159.73	64.00	0.00
735	-155.28	64.00	0.00
736	-150.83	64.00	0.00
737	-146.38	64.00	0.00
738	-141.93	64.00	0.00
739	-137.48	64.00	0.00
740	-133.03	64.00	0.00
741	-128.58	64.00	0.00
742	-124.13	64.00	0.00
743	-119.68	64.00	0.00
744	-115.23	64.00	0.00
745	-110.78	64.00	0.00
746	-106.33	64.00	0.00
747	-101.88	64.00	0.00
748	-97.43	64.00	0.00
749	-92.98	64.00	0.00
750	-88.53	64.00	0.00
751	-84.07	64.00	0.00
752	-79.62	64.00	0.00
753	-75.17	64.00	0.00
754	-70.72	64.00	0.00
755	-66.27	64.00	0.00
756	-61.82	64.00	0.00
757	-57.37	64.00	0.00
758	-52.92	64.00	0.00
759	-48.47	64.00	0.00
760	-44.02	64.00	0.00
761	-39.57	64.00	0.00
762	-35.12	64.00	0.00
763	-30.67	64.00	0.00
764	-26.22	64.00	0.00
765	-21.77	64.00	0.00
766	-17.32	64.00	0.00
767	-12.87	64.00	0.00
768	-8.42	64.00	0.00
769	-3.97	64.00	0.00
770	0.00	68.00	0.00
771	4.31	68.00	0.00
772	8.63	68.00	0.00
773	12.94	68.00	0.00
774	17.26	68.00	0.00
775	21.57	68.00	0.00
776	25.88	68.00	0.00
777	30.20	68.00	0.00
778	34.51	68.00	0.00
779	38.83	68.00	0.00
780	43.14	68.00	0.00
781	47.46	68.00	0.00
782	51.77	68.00	0.00
783	56.08	68.00	0.00
784	60.40	68.00	0.00
785	64.71	68.00	0.00
786	69.03	68.00	0.00
787	73.34	68.00	0.00
788	77.65	68.00	0.00
789	81.97	68.00	0.00
790	86.28	68.00	0.00
791	90.60	68.00	0.00
792	94.91	68.00	0.00
793	99.23	68.00	0.00
794	103.54	68.00	0.00
795	107.85	68.00	0.00
796	112.17	68.00	0.00
797	116.48	68.00	0.00
798	120.80	68.00	0.00
799	125.11	68.00	0.00
800	129.42	68.00	0.00
801	133.74	68.00	0.00
802	138.05	68.00	0.00
803	142.37	68.00	0.00
804	146.68	68.00	0.00
805	150.99	68.00	0.00
806	155.31	68.00	0.00
807	159.62	68.00	0.00
808	163.94	68.00	0.00
809	168.25	68.00	0.00
810	172.57	68.00	0.00
811	176.88	68.00	0.00
812	-178.81	68.00	0.00
813	-174.49	68.00	0.00
814	-170.18	68.00	0.00
815	-165.86	68.00	0.00
816	-161.55	68.00	0.00
817	-157.24	68.00	0.00
818	-152.92	68.00	0.00
819	-148.61	68.00	0.00
820	-144.29	68.00	0.00
821	-139.98	68.00	0.00
822	-135.66	68.00	0.00
823	-131.35	68.00	0.00
824	-127.04	68.00	0.00
825	-122.72	68.00	0.00
826	-118.41	68.00	0.00
827	-114.09	68.00	0.00
828	-109.78	68.00	0.00
829	-105.47	68.00	0.00
830	-101.15	68.00	0.00
831	-96.84	68.00	0.00
832	-92.52	68.00	0.00
833	-88.21	68.00	0.00
834	-83.90	68.00	0.00
835	-79.58	68.00	0.00
836	-75.27	68.00	0.00
837	-70.95	68.00	0.00
838	-66.64	68.00	0.00
839	-62.32	68.00	0.00
840	-58.01	68.00	0.00
841	-53.70	68.00	0.00
842	-49.38	68.00	0.00
843	-45.07	68.00	0.00
844	-40.75	68.00	0.00
845	-36.44	68.00	0.00
846	-32.13	68.00	0.00
847	-27.81	68.00	0.00
848	-23.50	68.00	0.00
849	-19.18	68.00	0.00
850	-14.87	68.00	0.00
851	-10.55	68.00	0.00
852	-6.24	68.00	0.00
853	-1.93	68.00	0.00
854	0.00	72.00	0.00
855	4.21	72.00	0.00
856	8.41	72.00	0.00
857	12.62	72.00	0.00
858	16.82	72.00	0.00
859	21.03	72.00	0.00
860	25.24	72.00	0.00
861	29.44	72.00	0.00
862	33.65	72.00	0.00
863	37.85	72.00	0.00
864	42.06	72.00	0.00
865	46.26	72.00	0.00
866	50.47	72.00	0.00
867	54.68	72.00	0.00
868	58.88	72.00	0.00
869	63.09	72.00	0.00
870	67.29	72.00	0.00
871	71.50	72.00	0.00
872	75.71	72.00	0.00
873	79.91	72.00	0.00
874	84.12	72.00	0.00
875	88.32	72.00	0.00
876	92.53	72.00	0.00
877	96.73	72.00	0.00
878	100.94	72.00	0.00
879	105.15	72.00	0.00
880	109.35	72.00	0.00
881	113.56	72.00	0.00
882	117.76	72.00	0.00
883	121.97	72.00	0.00
884	126.18	72.00	0.00
885	130.38	72.00	0.00
886	134.59	72.00	0.00
887	138.79	72.00	0.00
888	143.00	72.00	0.00
889	147.20	72.00	0.00
890	151.41	72.00	0.00
891	155.62	72.00	0.00
892	159.82	72.00	0.00
893	164.03	72.00	0.00
894	168.23	72.00	0.00
895	172.44	72.00	0.00
896	176.65	72.00	0.00
897	-179.15	72.00	0.00
898	-174.94	72.00	0.00
899	-170.74	72.00	0.00
900	-166.53	72.00	0.00
901	-162.33	72.00	0.00
902	-158.12	72.00	0.00
903	-153.91	72.00	0.00
904	-149.71	72.00	0.00
905	-145.50	72.00	0.00
906	-141.30	72.00	0.00
907	-137.09	72.00	0.00
908	-132.88	72.00	0.00
909	-128.68	72.00	0.00
910	-124.47	72.00	0.00
911	-120.27	72.00	0.00
912	-116.06	72.00	0.00
913	-111.86	72.00	0.00
914	-107.65	72.00	0.00
915	-103.44	72.00	0.00
916	-99.24	72.00	0.00
917	-95.03	72.00	0.00
918	-90.83	72.00	0.00
919	-86.62	72.00	0.00
920	-82.41	72.00	0.00
921	-78.21	72.00	0.00
922	-74.00	72.00	0.00
923	-69.80	72.00	0.00
924	-65.59	72.00	0.00
925	-61.39	72.00	0.00
926	-57.18	72.00	0.00
927	-52.97	72.00	0.00
928	-48.77	72.00	0.00
929	-44.56	72.00	0.00
930	-40.36	72.00	0.00
931	-36.15	72.00	0.00
932	-31.94	72.00	0.00
933	-27.74	72.00	0.00
934	-23.53	72.00	0.00
935	-19.33	72.00	0.00
936	-15.12	72.00	0.00
937	-10.91	72.00	0.00
938	-6.71	72.00	0.00
939	-2.50	72.00	0.00
940	0.00	76.00	0.00
941	4.12	76.00	0.00
942	8.24	76.00	0.00
943	12.37	76.00	0.00
944	16.49	76.00	0.00
945	20.61	76.00	0.00
946	24.73	76.00	0.00
947	28.86	76.00	0.00
948	32.98	76.00	0.00
949	37.10	76.00	0.00
950	41.22	76.00	0.00
951	45.35	76.00	0.00
952	49.47	76.00	0.00
953	53.59	76.00	0.00
954	57.71	76.00	0.00
955	61.84	76.00	0.00
956	65.96	76.00	0.00
957	70.08	76.00	0.00
958	74.20	76.00	0.00
959	78.33	76.00	0.00
960	82.45	76.00	0.00
961	86.57	76.00	0.00
962	90.69	76.00	0.00
963	94.82	76.00	0.00
964	98.94	76.00	0.00
965	103.06	76.00	0.00
966	107.18	76.00	0.00
967	111.31	76.00	0.00
968	115.43	76.00	0.00
969	119.55	76.00	0.00
970	123.67	76.00	0.00
971	127.80	76.00	0.00
972	131.92	76.00	0.00
973	136.04	76.00	0.00
974	140.16	76.00	0.00
975	144.29	76.00	0.00
976	148.41	76.00	0.00
977	152.53	76.00	0.00
978	156.65	76.00	0.00
979	160.78	76.00	0.00
980	164.90	76.00	0.00
981	169.02	76.00	0.00
982	173.14	76.00	0.00
983	177.27	76.00	0.00
984	-178.61	76.00	0.00
985	-174.49	76.00	0.00
986	-170.37	76.00	0.00
987	-166.24	76.00	0.00
988	-162.12	76.00	0.00
989	-158.00	76.00	0.00
990	-153.88	76.00	0.00
991	-149.75	76.00	0.00
992	-145.63	76.00	0.00
993	-141.51	76.00	0.00
994	-137.39	76.00	0.00
995	-133.27	76.00	0.00
996	-129.14	76.00	0.00
997	-125.02	76.00	0.00
998	-120.90	76.00	0.00
999	-116.78	76.00	0.00
1000	-112.65	76.00	0.00
1001	-108.53	76.00	0.00
1002	-104.41	76.00	0.00
1003	-100.29	76.00	0.00
1004	-96.16	76.00	0.00
1005	-92.04	76.00	0.00
1006	-87.92	76.00	0.00
1007	-83.80	76.00	0.00
1008	-79.67	76.00	0.00
1009	-75.55	76.00	0.00
1010	-71.43	76.00	0.00
1011	-67.31	76.00	0.00
1012	-63.18	76.00	0.00
1013	-59.06	76.00	0.00
1014	-54.94	76.00	0.00
1015	-50.82	76.00	0.00
1016	-46.69	76.00	0.00
1017	-42.57	76.00	0.00
1018	-38.45	76.00	0.00
1019	-34.33	76.00	0.00
1020	-30.20	76.00	0.00
1021	-26.08	76.00	0.00
1022	-21.96	76.00	0.00
1023	-17.84	76.00	0.00
1024	-13.71	76.00	0.00
1025	-9.59	76.00	0.00
1026	-5.47	76.00	0.00
1027	-1.35	76.00	0.00
1028	0.00	80.00	0.00
1029	4.06	80.00	0.00
1030	8.12	80.00	0.00
1031	12.19	80.00	0.00
1032	16.25	80.00	0.00
1033	20.31	80.00	0.00
1034	24.37	80.00	0.00
1035	28.43	80.00	0.00
1036	32.49	80.00	0.00
1037	36.56	80.00	0.00
1038	40.62	80.00	0.00
1039	44.68	80.00	0.00
1040	48.74	80.00	0.00
1041	52.80	80.00	0.00
1042	56.86	80.00	0.00
1043	60.93	80.00	0.00
1044	64.99	80.00	0.00
1045	69.05	80.00	0.00
1046	73.11	80.00	0.00
1047	77.17	80.00	0.00
1048	81.23	80.00	0.00
1049	85.30	80.00	0.00
1050	89.36	80.00	0.00
1051	93.42	80.00	0.00
1052	97.48	80.00	0.00
1053	101.54	80.00	0.00
1054	105.60	80.00	0.00
1055	109.67	80.00	0.00
1056	113.73	80.00	0.00
1057	117.79	80.00	0.00
1058	121.85	80.00	0.00
1059	125.91	80.00	0.00
1060	129.97	80.00	0.00
1061	134.04	80.00	0.00
1062	138.10	80.00	0.00
1063	142.16	80.00	0.00
1064	146.22	80.00	0.00
1065	150.28	80.00	0.00
1066	154.34	80.00	0.00
1067	158.41	80.00	0.00
1068	162.47	80.00	0.00
1069	166.53	80.00	0.00
1070	170.59	80.00	0.00
1071	174.65	80.00	0.00
1072	178.72	80.00	0.00
1073	-177.22	80.00	0.00
1074	-173.16	80.00	0.00
1075	-169.10	80.00	0.00
1076	-165.04	80.00	0.00
1077	-160.98	80.00	0.00
1078	-156.91	80.00	0.00
1079	-152.85	80.00	0.00
1080	-148.79	80.00	0.00
1081	-144.73	80.00	0.00
1082	-140.67	80.00	0.00
1083	-136.61	80.00	0.00
1084	-132.54	80.00	0.00
1085	-128.48	80.00	0.00
1086	-124.42	80.00	0.00
1087	-120.36	80.00	0.00
1088	-116.30	80.00	0.00
1089	-112.24	80.00	0.00
1090	-108.17	80.00	0.00
1091	-104.11	80.00	0.00
1092	-100.05	80.00	0.00
1093	-95.99	80.00	0.00
1094	-91.93	80.00	0.00
1095	-87.87	80.00	0.00
1096	-83.80	80.00	0.00
1097	-79.74	80.00	0.00
1098	-75.68	80.00	0.00
1099	-71.62	80.00	0.00
1100	-67.56	80.00	0.00
1101	-63.50	80.00	0.00
1102	-59.43	80.00	0.00
1103	-55.37	80.00	0.00
1104	-51.31	80.00	0.00
1105	-47.25	80.00	0.00
1106	-43.19	80.00	0.00
1107	-39.13	80.00	0.00
1108	-35.06	80.00	0.00
1109	-31.00	80.00	0.00
1110	-26.94	80.00	0.00
1111	-22.88	80.00	0.00
1112	-18.82	80.00	0.00
1113	-14.75	80.00	0.00
1114	-10.69	80.00	0.00
1115	-6.63	80.00	0.00
1116	-2.57	80.00	0.00
1117	0.00	84.00	0.00
1118	4.02	84.00	0.00
1119	8.04	84.00	0.00
1120	12.07	84.00	0.00
1121	16.09	84.00	0.00
1122	20.11	84.00	0.00
1123	24.13	84.00	0.00
1124	28.15	84.00	0.00
1125	32.18	84.00	0.00
1126	36.20	84.00	0.00
1127	40.22	84.00	0.00
1128	44.24	84.00	0.00
1129	48.26	84.00	0.00
1130	52.29	84.00	0.00
1131	56.31	84.00	0.00
1132	60.33	84.00	0.00
1133	64.35	84.00	0.00
1134	68.37	84.00	0.00
1135	72.40	84.00	0.00
1136	76.42	84.00	0.00
1137	80.44	84.00	0.00
1138	84.46	84.00	0.00
1139	88.48	84.00	0.00
1140	92.51	84.00	0.00
1141	96.53	84.00	0.00
1142	100.55	84.00	0.00
1143	104.57	84.00	0.00
1144	108.59	84.00	0.00
1145	112.62	84.00	0.00
1146	116.64	84.00	0.00
1147	120.66	84.00	0.00
1148	124.68	84.00	0.00
1149	128.71	84.00	0.00
1150	132.73	84.00	0.00
1151	136.75	84.00	0.00
1152	140.77	84.00	0.00
1153	144.79	84.00	0.00
1154	148.82	84.00	0.00
1155	152.84	84.00	0.00
1156	156.86	84.00	0.00
1157	160.88	84.00	0.00
1158	164.90	84.00	0.00
1159	168.93	84.00	0.00
1160	172.95	84.00	0.00
1161	176.97	84.00	0.00
1162	-179.01	84.00	0.00
1163	-174.99	84.00	0.00
1164	-170.96	84.00	0.00
1165	-166.94	84.00	0.00
1166	-162.92	84.00	0.00
1167	-158.90	84.00	0.00
1168	-154.88	84.00	0.00
1169	-150.85	84.00	0.00
1170	-146.83	84.00	0.00
1171	-142.81	84.00	0.00
1172	-138.79	84.00	0.00
1173	-134.77	84.00	0.00
1174	-130.74	84.00	0.00
1175	-126.72	84.00	0.00
1176	-122.70	84.00	0.00
1177	-118.68	84.00	0.00
1178	-114.66	84.00	0.00
1179	-110.63	84.00	0.00
1180	-106.61	84.00	0.00
1181	-102.59	84.00	0.00
1182	-98.57	84.00	0.00
1183	-94.55	84.00	0.00
1184	-90.52	84.00	0.00
1185	-86.50	84.00	0.00
1186	-82.48	84.00	0.00
1187	-78.46	84.00	0.00
1188	-74.44	84.00	0.00
1189	-70.41	84.00	0.00
1190	-66.39	84.00	0.00
1191	-62.37	84.00	0.00
1192	-58.35	84.00	0.00
1193	-54.33	84.00	0.00
1194	-50.30	84.00	0.00
1195	-46.28	84.00	0.00
1196	-42.26	84.00	0.00
1197	-38.24	84.00	0.00
1198	-34.22	84.00	0.00
1199	-30.19	84.00	0.00
1200	-26.17	84.00	0.00
1201	-22.15	84.00	0.00
1202	-18.13	84.00	0.00
1203	-14.11	84.00	0.00
1204	-10.08	84.00	0.00
1205	-6.06	84.00	0.00
1206	-2.04	84.00	0.00
1207	0.00	88.00	0.00
1208	4.00	88.00	0.00
1209	8.00	88.00	0.00
1210	12.01	88.00	0.00
1211	16.01	88.00	0.00
1212	20.01	88.00	0.00
1213	24.01	88.00	0.00
1214	28.02	88.00	0.00
1215	32.02	88.00	0.00
1216	36.02	88.00	0.00
1217	40.02	88.00	0.00
1218	44.03	88.00	0.00
1219	48.03	88.00	0.00
1220	52.03	88.00	0.00
1221	56.03	88.00	0.00
1222	60.04	88.00	0.00
1223	64.04	88.00	0.00
1224	68.04	88.00	0.00
1225	72.04	88.00	0.00
1226	76.05	88.00	0.00
1227	80.05	88.00	0.00
1228	84.05	88.00	0.00
1229	88.05	88.00	0.00
1230	92.06	88.00	0.00
1231	96.06	88.00	0.00
1232	100.06	88.00	0.00
1233	104.06	88.00	0.00
1234	108.07	88.00	0.00
1235	112.07	88.00	0.00
1236	116.07	88.00	0.00
1237	120.07	88.00	0.00
1238	124.08	88.00	0.00
1239	128.08	88.00	0.00
1240	132.08	88.00	0.00
1241	136.08	88.00	0.00
1242	140.09	88.00	0.00
1243	144.09	88.00	0.00
1244	148.09	88.00	0.00
1245	152.09	88.00	0.00
1246	156.10	88.00	0.00
1247	160.10	88.00	0.00
1248	164.10	88.00	0.00
1249	168.10	88.00	0.00
1250	172.10	88.00	0.00
1251	176.11	88.00	0.00
1252	-179.89	88.00	0.00
1253	-175.89	88.00	0.00
1254	-171.89	88.00	0.00
1255	-167.88	88.00	0.00
1256	-163.88	88.00	0.00
1257	-159.88	88.00	0.00
1258	-155.88	88.00	0.00
1259	-151.87	88.00	0.00
1260	-147.87	88.00	0.00
1261	-143.87	88.00	0.00
1262	-139.87	88.00	0.00
1263	-135.86	88.00	0.00
1264	-131.86	88.00	0.00
1265	-127.86	88.00	0.00
1266	-123.86	88.00	0.00
1267	-119.85	88.00	0.00
1268	-115.85	88.00	0.00
1269	-111.85	88.00	0.00
1270	-107.85	88.00	0.00
1271	-103.84	88.00	0.00
1272	-99.84	88.00	0.00
1273	-95.84	88.00	0.00
1274	-91.84	88.00	0.00
1275	-87.83	88.00	0.00
1276	-83.83	88.00	0.00
1277	-79.83	88.00	0.00
1278	-75.83	88.00	0.00
1279	-71.82	88.00	0.00
1280	-67.82	88.00	0.00
1281	-63.82	88.00	0.00
1282	-59.82	88.00	0.00
1283	-55.81	88.00	0.00
1284	-51.81	88.00	0.00
1285	-47.81	88.00	0.00
1286	-43.81	88.00	0.00
1287	-39.80	88.00	0.00
1288	-35.80	88.00	0.00
1289	-31.80	88.00	0.00
1290	-27.80	88.00	0.00
1291	-23.79	88.00	0.00
1292	-19.79	88.00	0.00
1293	-15.79	88.00	0.00
1294	-11.79	88.00	0.00
1295	-7.79	88.00	0.00
1296	-3.78	88.00	0.00
1297	0.00	92.00	0.00
1298	4.00	92.00	0.00
1299	8.00	92.00	0.00
1300	12.01	92.00	0.00
1301	16.01	92.00	0.00
1302	20.01	92.00	0.00
1303	24.01	92.00	0.00
1304	28.02	92.00	0.00
1305	32.02	92.00	0.00
1306	36.02	92.00	0.00
1307	40.02	92.00	0.00
1308	44.03	92.00	0.00
1309	48.03	92.00	0.00
1310	52.03	92.00	0.00
1311	56.03	92.00	0.00
1312	60.04	92.00	0.00
1313	64.04	92.00	0.00
1314	68.04	92.00	0.00
1315	72.04	92.00	0.00
1316	76.05	92.00	0.00
1317	80.05	92.00	0.00
1318	84.05	92.00	0.00
1319	88.05	92.00	0.00
1320	92.06	92.00	0.00
1321	96.06	92.00	0.00
1322	100.06	92.00	0.00
1323	104.06	92.00	0.00
1324	108.07	92.00	0.00
1325	112.07	92.00	0.00
1326	116.07	92.00	0.00
1327	120.07	92.00	0.00
1328	124.08	92.00	0.00
1329	128.08	92.00	0.00
1330	132.08	92.00	0.00
1331	136.08	92.00	0.00
1332	140.09	92.00	0.00
1333	144.09	92.00	0.00
1334	148.09	92.00	0.00
1335	152.09	92.00	0.00
1336	156.10	92.00	0.00
1337	160.10	92.00	0.00
1338	164.10	92.00	0.00
1339	168.10	92.00	0.00
1340	172.10	92.00	0.00
1341	176.11	92.00	0.00
1342	-179.89	92.00	0.00
1343	-175.89	92.00	0.00
1344	-171.89	92.00	0.00
1345	-167.88	92.00	0.00
1346	-163.88	92.00	0.00
1347	-159.88	92.00	0.00
1348	-155.88	92.00	0.00
1349	-151.87	92.00	0.00
1350	-147.87	92.00	0.00
1351	-143.87	92.00	0.00
1352	-139.87	92.00	0.00
1353	-135.86	92.00	0.00
1354	-131.86	92.00	0.00
1355	-127.86	92.00	0.00
1356	-123.86	92.00	0.00
1357	-119.85	92.00	0.00
1358	-115.85	92.00	0.00
1359	-111.85	92.00	0.00
1360	-107.85	92.00	0.00
1361	-103.84	92.00	0.00
1362	-99.84	92.00	0.00
1363	-95.84	92.00	0.00
1364	-91.84	92.00	0.00
1365	-87.83	92.00	0.00
1366	-83.83	92.00	0.00
1367	-79.83	92.00	0.00
1368	-75.83	92.00	0.00
1369	-71.82	92.00	0.00
1370	-67.82	92.00	0.00
1371	-63.82	92.00	0.00
1372	-59.82	92.00	0.00
1373	-55.81	92.00	0.00
1374	-51.81	92.00	0.00
1375	-47.81	92.00	0.00
1376	-43.81	92.00	0.00
1377	-39.80	92.00	0.00
1378	-35.80	92.00	0.00
1379	-31.80	92.00	0.00
1380	-27.80	92.00	0.00
1381	-23.79	92.00	0.00
1382	-19.79	92.00	0.00
1383	-15.79	92.00	0.00
1384	-11.79	92.00	0.00
1385	-7.79	92.00	0.00
1386	-3.78	92.00	0.00
1387	0.00	96.00	0.00
1388	4.02	96.00	0.00
1389	8.04	96.00	0.00
1390	12.07	96.00	0.00
1391	16.09	96.00	0.00
1392	20.11	96.00	0.00
1393	24.13	96.00	0.00
1394	28.15	96.00	0.00
1395	32.18	96.00	0.00
1396	36.20	96.00	0.00
1397	40.22	96.00	0.00
1398	44.24	96.00	0.00
1399	48.26	96.00	0.00
1400	52.29	96.00	0.00
1401	56.31	96.00	0.00
1402	60.33	96.00	0.00
1403	64.35	96.00	0.00
1404	68.37	96.00	0.00
1405	72.40	96.00	0.00
1406	76.42	96.00	0.00
1407	80.44	96.00	0.00
1408	84.46	96.00	0.00
1409	88.48	96.00	0.00
1410	92.51	96.00	0.00
1411	96.53	96.00	0.00
1412	100.55	96.00	0.00
1413	104.57	96.00	0.00
1414	108.59	96.00	0.00
1415	112.62	96.00	0.00
1416	116.64	96.00	0.00
1417	120.66	96.00	0.00
1418	124.68	96.00	0.00
1419	128.71	96.00	0.00
1420	132.73	96.00	0.00
1421	136.75	96.00	0.00
1422	140.77	96.00	0.00
1423	144.79	96.00	0.00
1424	148.82	96.00	0.00
1425	152.84	96.00	0.00
1426	156.86	96.00	0.00
1427	160.88	96.00	0.00
1428	164.90	96.00	0.00
1429	168.93	96.00	0.00
1430	172.95	96.00	0.00
1431	176.97	96.00	0.00
1432	-179.01	96.00	0.00
1433	-174.99	96.00	0.00
1434	-170.96	96.00	0.00
1435	-166.94	96.00	0.00
1436	-162.92	96.00	0.00
1437	-158.90	96.00	0.00
1438	-154.88	96.00	0.00
1439	-150.85	96.00	0.00
1440	-146.83	96.00	0.00
1441	-142.81	96.00	0.00
1442	-138.79	96.00	0.00
1443	-134.77	96.00	0.00
1444	-130.74	96.00	0.00
1445	-126.72	96.00	0.00
1446	-122.70	96.00	0.00
1447	-118.68	96.00	0.00
1448	-114.66	96.00	0.00
1449	-110.63	96.00	0.00
1450	-106.61	96.00	0.00
1451	-102.59	96.00	0.00
1452	-98.57	96.00	0.00
1453	-94.55	96.00	0.00
1454	-90.52	96.00	0.00
1455	-86.50	96.00	0.00
1456	-82.48	96.00	0.00
1457	-78.46	96.00	0.00
1458	-74.44	96.00	0.00
1459	-70.41	96.00	0.00
1460	-66.39	96.00	0.00
1461	-62.37	96.00	0.00
1462	-58.35	96.00	0.00
1463	-54.33	96.00	0.00
1464	-50.30	96.00	0.00
1465	-46.28	96.00	0.00
1466	-42.26	96.00	0.00
1467	-38.24	96.00	0.00
1468	-34.22	96.00	0.00
1469	-30.19	96.00	0.00
1470	-26.17	96.00	0.00
1471	-22.15	96.00	0.00
1472	-18.13	96.00	0.00
1473	-14.11	96.00	0.00
1474	-10.08	96.00	0.00
1475	-6.06	96.00	0.00
1476	-2.04	96.00	0.00
1477	0.00	100.00	0.00
1478	4.06	100.00	0.00
1479	8.12	100.00	0.00
1480	12.19	100.00	0.00
1481	16.25	100.00	0.00
1482	20.31	100.00	0.00
1483	24.37	100.00	0.00
1484	28.43	100.00	0.00
1485	32.49	100.00	0.00
1486	36.56	100.00	0.00
1487	40.62	100.00	0.00
1488	44.68	100.00	0.00
1489	48.74	100.00	0.00
1490	52.80	100.00	0.00
1491	56.86	100.00	0.00
1492	60.93	100.00	0.00
1493	64.99	100.00	0.00
1494	69.05	100.00	0.00
1495	73.11	100.00	0.00
1496	77.17	100.00	0.00
1497	81.23	100.00	0.00
1498	85.30	100.00	0.00
1499	89.36	100.00	0.00
1500	93.42	100.00	0.00
1501	97.48	100.00	0.00
1502	101.54	100.00	0.00
1503	105.60	100.00	0.00
1504	109.67	100.00	0.00
1505	113.73	100.00	0.00
1506	117.79	100.00	0.00
1507	121.85	100.00	0.00
1508	125.91	100.00	0.00
1509	129.97	100.00	0.00
1510	134.04	100.00	0.00
1511	138.10	100.00	0.00
1512	142.16	100.00	0.00
1513	146.22	100.00	0.00
1514	150.28	100.00	0.00
1515	154.34	100.00	0.00
1516	158.41	100.00	0.00
1517	162.47	100.00	0.00
1518	166.53	100.00	0.00
1519	170.59	100.00	0.00
1520	174.65	100.00	0.00
1521	178.72	100.00	0.00
1522	-177.22	100.00	0.00
1523	-173.16	100.00	0.00
1524	-169.10	100.00	0.00
1525	-165.04	100.00	0.00
1526	-160.98	100.00	0.00
1527	-156.91	100.00	0.00
1528	-152.85	100.00	0.00
1529	-148.79	100.00	0.00
1530	-144.73	100.00	0.00
1531	-140.67	100.00	0.00
1532	-136.61	100.00	0.00
1533	-132.54	100.00	0.00
1534	-128.48	100.00	0.00
1535	-124.42	100.00	0.00
1536	-120.36	100.00	0.00
1537	-116.30	100.00	0.00
1538	-112.24	100.00	0.00
1539	-108.17	100.00	0.00
1540	-104.11	100.00	0.00
1541	-100.05	100.00	0.00
1542	-95.99	100.00	0.00
1543	-91.93	100.00	0.00
1544	-87.87	100.00	0.00
1545	-83.80	100.00	0.00
1546	-79.74	100.00	0.00
1547	-75.68	100.00	0.00
1548	-71.62	100.00	0.00
1549	-67.56	100.00	0.00
1550	-63.50	100.00	0.00
1551	-59.43	100.00	0.00
1552	-55.37	100.00	0.00
1553	-51.31	100.00	0.00
1554	-47.25	100.00	0.00
1555	-43.19	100.00	0.00
1556	-39.13	100.00	0.00
1557	-35.06	100.00	0.00
1558	-31.00	100.00	0.00
1559	-26.94	100.00	0.00
1560	-22.88	100.00	0.00
1561	-18.82	100.00	0.00
1562	-14.75	100.00	0.00
1563	-10.69	100.00	0.00
1564	-6.63	100.00	0.00
1565	-2.57	100.00	0.00
1566	0.00	104.00	0.00
1567	4.12	104.00	0.00
1568	8.24	104.00	0.00
1569	12.37	104.00	0.00
1570	16.49	104.00	0.00
1571	20.61	104.00	0.00
1572	24.73	104.00	0.00
1573	28.86	104.00	0.00
1574	32.98	104.00	0.00
1575	37.10	104.00	0.00
1576	41.22	104.00	0.00
1577	45.35	104.00	0.00
1578	49.47	104.00	0.00
1579	53.59	104.00	0.00
1580	57.71	104.00	0.00
1581	61.84	104.00	0.00
1582	65.96	104.00	0.00
1583	70.08	104.00	0.00
1584	74.20	104.00	0.00
1585	78.33	104.00	0.00
1586	82.45	104.00	0.00
1587	86.57	104.00	0.00
1588	90.69	104.00	0.00
1589	94.82	104.00	0.00
1590	98.94	104.00	0.00
1591	103.06	104.00	0.00
1592	107.18	104.00	0.00
1593	111.31	104.00	0.00
1594	115.43	104.00	0.00
1595	119.55	104.00	0.00
1596	123.67	104.00	0.00
1597	127.80	104.00	0.00
1598	131.92	104.00	0.00
1599	136.04	104.00	0.00
1600	140.16	104.00	0.00
1601	144.29	104.00	0.00
1602	148.41	104.00	0.00
1603	152.53	104.00	0.00
1604	156.65	104.00	0.00
1605	160.78	104.00	0.00
1606	164.90	104.00	0.00
1607	169.02	104.00	0.00
1608	173.14	104.00	0.00
1609	177.27	104.00	0.00
1610	-178.61	104.00	0.00
1611	-174.49	104.00	0.00
1612	-170.37	104.00	0.00
1613	-166.24	104.00	0.00
1614	-162.12	104.00	0.00
1615	-158.00	104.00	0.00
1616	-153.88	104.00	0.00
1617	-149.75	104.00	0.00
1618	-145.63	104.00	0.00
1619	-141.51	104.00	0.00
1620	-137.39	104.00	0.00
1621	-133.27	104.00	0.00
1622	-129.14	104.00	0.00
1623	-125.02	104.00	0.00
1624	-120.90	104.00	0.00
1625	-116.78	104.00	0.00
1626	-112.65	104.00	0.00
1627	-108.53	104.00	0.00
1628	-104.41	104.00	0.00
1629	-100.29	104.00	0.00
1630	-96.16	104.00	0.00
1631	-92.04	104.00	0.00
1632	-87.92	104.00	0.00
1633	-83.80	104.00	0.00
1634	-79.67	104.00	0.00
1635	-75.55	104.00	0.00
1636	-71.43	104.00	0.00
1637	-67.31	104.00	0.00
1638	-63.18	104.00	0.00
1639	-59.06	104.00	0.00
1640	-54.94	104.00	0.00
1641	-50.82	104.00	0.00
1642	-46.69	104.00	0.00
1643	-42.57	104.00	0.00
1644	-38.45	104.00	0.00
1645	-34.33	104.00	0.00
1646	-30.20	104.00	0.00
1647	-26.08	104.00	0.00
1648	-21.96	104.00	0.00
1649	-17.84	104.00	0.00
1650	-13.71	104.00	0.00
1651	-9.59	104.00	0.00
1652	-5.47	104.00	0.00
1653	-1.35	104.00	0.00
1654	0.00	108.00	0.00
1655	4.21	108.00	0.00
1656	8.41	108.00	0.00
1657	12.62	108.00	0.00
1658	16.82	108.00	0.00
1659	21.03	108.00	0.00
1660	25.24	108.00	0.00
1661	29.44	108.00	0.00
1662	33.65	108.00	0.00
1663	37.85	108.00	0.00
1664	42.06	108.00	0.00
1665	46.26	108.00	0.00
1666	50.47	108.00	0.00
1667	54.68	108.00	0.00
1668	58.88	108.00	0.00
1669	63.09	108.00	0.00
1670	67.29	108.00	0.00
1671	71.50	108.00	0.00
1672	75.71	108.00	0.00
1673	79.91	108.00	0.00
1674	84.12	108.00	0.00
1675	88.32	108.00	0.00
1676	92.53	108.00	0.00
1677	96.73	108.00	0.00
1678	100.94	108.00	0.00
1679	105.15	108.00	0.00
1680	109.35	108.00	0.00
1681	113.56	108.00	0.00
1682	117.76	108.00	0.00
1683	121.97	108.00	0.00
1684	126.18	108.00	0.00
1685	130.38	108.00	0.00
1686	134.59	108.00	0.00
1687	138.79	108.00	0.00
1688	143.00	108.00	0.00
1689	147.20	108.00	0.00
1690	151.41	108.00	0.00
1691	155.62	108.00	0.00
1692	159.82	108.00	0.00
1693	164.03	108.00	0.00
1694	168.23	108.00	0.00
1695	172.44	108.00	0.00
1696	176.65	108.00	0.00
1697	-179.15	108.00	0.00
1698	-174.94	108.00	0.00
1699	-170.74	108.00	0.00
1700	-166.53	108.00	0.00
1701	-162.32	108.00	0.00
1702	-158.12	108.00	0.00
1703	-153.91	108.00	0.00
1704	-149.71	108.00	0.00
1705	-145.50	108.00	0.00
1706	-141.30	108.00	0.00
1707	-137.09	108.00	0.00
1708	-132.88	108.00	0.00
1709	-128.68	108.00	0.00
1710	-124.47	108.00	0.00
1711	-120.27	108.00	0.00
1712	-116.06	108.00	0.00
1713	-111.85	108.00	0.00
1714	-107.65	108.00	0.00
1715	-103.44	108.00	0.00
1716	-99.24	108.00	0.00
1717	-95.03	108.00	0.00
1718	-90.83	108.00	0.00
1719	-86.62	108.00	0.00
1720	-82.41	108.00	0.00
1721	-78.21	108.00	0.00
1722	-74.00	108.00	0.00
1723	-69.80	108.00	0.00
1724	-65.59	108.00	0.00
1725	-61.38	108.00	0.00
1726	-57.18	108.00	0.00
1727	-52.97	108.00	0.00
1728	-48.77	108.00	0.00
1729	-44.56	108.00	0.00
1730	-40.36	108.00	0.00
1731	-36.15	108.00	0.00
1732	-31.94	108.00	0.00
1733	-27.74	108.00	0.00
1734	-23.53	108.00	0.00
1735	-19.33	108.00	0.00
1736	-15.12	108.00	0.00
1737	-10.91	108.00	0.00
1738	-6.71	108.00	0.00
1739	-2.50	108.00	0.00
1740	0.00	112.00	0.00
1741	4.31	112.00	0.00
1742	8.63	112.00	0.00
1743	12.94	112.00	0.00
1744	17.26	112.00	0.00
1745	21.57	112.00	0.00
1746	25.88	112.00	0.00
1747	30.20	112.00	0.00
1748	34.51	112.00	0.00
1749	38.83	112.00	0.00
1750	43.14	112.00	0.00
1751	47.46	112.00	0.00
1752	51.77	112.00	0.00
1753	56.08	112.00	0.00
1754	60.40	112.00	0.00
1755	64.71	112.00	0.00
1756	69.03	112.00	0.00
1757	73.34	112.00	0.00
1758	77.65	112.00	0.00
1759	81.97	112.00	0.00
1760	86.28	112.00	0.00
1761	90.60	112.00	0.00
1762	94.91	112.00	0.00
1763	99.23	112.00	0.00
1764	103.54	112.00	0.00
1765	107.85	112.00	0.00
1766	112.17	112.00	0.00
1767	116.48	112.00	0.00
1768	120.80	112.00	0.00
1769	125.11	112.00	0.00
1770	129.42	112.00	0.00
1771	133.74	112.00	0.00
1772	138.05	112.00	0.00
1773	142.37	112.00	0.00
1774	146.68	112.00	0.00
1775	150.99	112.00	0.00
1776	155.31	112.00	0.00
1777	159.62	112.00	0.00
1778	163.94	112.00	0.00
1779	168.25	112.00	0.00
1780	172.57	112.00	0.00
1781	176.88	112.00	0.00
1782	-178.81	112.00	0.00
1783	-174.49	112.00	0.00
1784	-170.18	112.00	0.00
1785	-165.86	112.00	0.00
1786	-161.55	112.00	0.00
1787	-157.24	112.00	0.00
1788	-152.92	112.00	0.00
1789	-148.61	112.00	0.00
1790	-144.29	112.00	0.00
1791	-139.98	112.00	0.00
1792	-135.66	112.00	0.00
1793	-131.35	112.00	0.00
1794	-127.04	112.00	0.00
1795	-122.72	112.00	0.00
1796	-118.41	112.00	0.00
1797	-114.09	112.00	0.00
1798	-109.78	112.00	0.00
1799	-105.47	112.00	0.00
1800	-101.15	112.00	0.00
1801	-96.84	112.00	0.00
1802	-92.52	112.00	0.00
1803	-88.21	112.00	0.00
1804	-83.90	112.00	0.00
1805	-79.58	112.00	0.00
1806	-75.27	112.00	0.00
1807	-70.95	112.00	0.00
1808	-66.64	112.00	0.00
1809	-62.32	112.00	0.00
1810	-58.01	112.00	0.00
1811	-53.70	112.00	0.00
1812	-49.38	112.00	0.00
1813	-45.07	112.00	0.00
1814	-40.75	112.00	0.00
1815	-36.44	112.00	0.00
1816	-32.13	112.00	0.00
1817	-27.81	112.00	0.00
1818	-23.50	112.00	0.00
1819	-19.18	112.00	0.00
1820	-14.87	112.00	0.00
1821	-10.55	112.00	0.00
1822	-6.24	112.00	0.00
1823	-1.93	112.00	0.00
1824	0.00	116.00	0.00
1825	4.45	116.00	0.00
1826	8.90	116.00	0.00
1827	13.35	116.00	0.00
1828	17.80	116.00	0.00
1829	22.25	116.00	0.00
1830	26.70	116.00	0.00
1831	31.15	116.00	0.00
1832	35.60	116.00	0.00
1833	40.05	116.00	0.00
1834	44.50	116.00	0.00
1835	48.95	116.00	0.00
1836	53.40	116.00	0.00
1837	57.86	116.00	0.00
1838	62.31	116.00	0.00
1839	66.76	116.00	0.00
1840	71.21	116.00	0.00
1841	75.66	116.00	0.00
1842	80.11	116.00	0.00
1843	84.56	116.00	0.00
1844	89.01	116.00	0.00
1845	93.46	116.00	0.00
1846	97.91	116.00	0.00
1847	102.36	116.00	0.00
1848	106.81	116.00	0.00
1849	111.26	116.00	0.00
1850	115.71	116.00	0.00
1851	120.16	116.00	0.00
1852	124.61	116.00	0.00
1853	129.06	116.00	0.00
1854	133.51	116.00	0.00
1855	137.96	116.00	0.00
1856	142.41	116.00	0.00
1857	146.86	116.00	0.00
1858	151.31	116.00	0.00
1859	155.76	116.00	0.00
1860	160.21	116.00	0.00
1861	164.67	116.00	0.00
1862	169.12	116.00	0.00
1863	173.57	116.00	0.00
1864	178.02	116.00	0.00
1865	-177.53	116.00	0.00
1866	-173.08	116.00	0.00
1867	-168.63	116.00	0.00
1868	-164.18	116.00	0.00
1869	-159.73	116.00	0.00
1870	-155.28	116.00	0.00
1871	-150.83	116.00	0.00
1872	-146.38	116.00	0.00
1873	-141.93	116.00	0.00
1874	-137.48	116.00	0.00
1875	-133.03	116.00	0.00
1876	-128.58	116.00	0.00
1877	-124.13	116.00	0.00
1878	-119.68	116.00	0.00
1879	-115.23	116.00	0.00
1880	-110.78	116.00	0.00
1881	-106.33	116.00	0.00
1882	-101.88	116.00	0.00
1883	-97.43	116.00	0.00
1884	-92.98	116.00	0.00
1885	-88.53	116.00	0.00
1886	-84.07	116.00	0.00
1887	-79.62	116.00	0.00
1888	-75.17	116.00	0.00
1889	-70.72	116.00	0.00
1890	-66.27	116.00	0.00
1891	-61.82	116.00	0.00
1892	-57.37	116.00	0.00
1893	-52.92	116.00	0.00
1894	-48.47	116.00	0.00
1895	-44.02	116.00	0.00
1896	-39.57	116.00	0.00
1897	-35.12	116.00	0.00
1898	-30.67	116.00	0.00
1899	-26.22	116.00	0.00
1900	-21.77	116.00	0.00
1901	-17.32	116.00	0.00
1902	-12.87	116.00	0.00
1903	-8.42	116.00	0.00
1904	-3.97	116.00	0.00
1905	0.00	120.00	0.00
1906	4.62	120.00	0.00
1907	9.24	120.00	0.00
1908	13.86	120.00	0.00
1909	18.48	120.00	0.00
1910	23.09	120.00	0.00
1911	27.71	120.00	0.00
1912	32.33	120.00	0.00
1913	36.95	120.00	0.00
1914	41.57	120.00	0.00
1915	46.19	120.00	0.00
1916	50.81	120.00	0.00
1917	55.43	120.00	0.00
1918	60.04	120.00	0.00
1919	64.66	120.00	0.00
1920	69.28	120.00	0.00
1921	73.90	120.00	0.00
1922	78.52	120.00	0.00
1923	83.14	120.00	0.00
1924	87.76	120.00	0.00
1925	92.38	120.00	0.00
1926	96.99	120.00	0.00
1927	101.61	120.00	0.00
1928	106.23	120.00	0.00
1929	110.85	120.00	0.00
1930	115.47	120.00	0.00
1931	120.09	120.00	0.00
1932	124.71	120.00	0.00
1933	129.33	120.00	0.00
1934	133.95	120.00	0.00
1935	138.56	120.00	0.00
1936	143.18	120.00	0.00
1937	147.80	120.00	0.00
1938	152.42	120.00	0.00
1939	157.04	120.00	0.00
1940	161.66	120.00	0.00
1941	166.28	120.00	0.00
1942	170.90	120.00	0.00
1943	175.51	120.00	0.00
1944	-179.87	120.00	0.00
1945	-175.25	120.00	0.00
1946	-170.63	120.00	0.00
1947	-166.01	120.00	0.00
1948	-161.39	120.00	0.00
1949	-156.77	120.00	0.00
1950	-152.15	120.00	0.00
1951	-147.54	120.00	0.00
1952	-142.92	120.00	0.00
1953	-138.30	120.00	0.00
1954	-133.68	120.00	0.00
1955	-129.06	120.00	0.00
1956	-124.44	120.00	0.00
1957	-119.82	120.00	0.00
1958	-115.20	120.00	0.00
1959	-110.58	120.00	0.00
1960	-105.97	120.00	0.00
1961	-101.35	120.00	0.00
1962	-96.73	120.00	0.00
1963	-92.11	120.00	0.00
1964	-87.49	120.00	0.00
1965	-82.87	120.00	0.00
1966	-78.25	120.00	0.00
1967	-73.63	120.00	0.00
1968	-69.02	120.00	0.00
1969	-64.40	120.00	0.00
1970	-59.78	120.00	0.00
1971	-55.16	120.00	0.00
1972	-50.54	120.00	0.00
1973	-45.92	120.00	0.00
1974	-41.30	120.00	0.00
1975	-36.68	120.00	0.00
1976	-32.06	120.00	0.00
1977	-27.45	120.00	0.00
1978	-22.83	120.00	0.00
1979	-18.21	120.00	0.00
1980	-13.59	120.00	0.00
1981	-8.97	120.00	0.00
1982	-4.35	120.00	0.00
1983	0.00	124.00	0.00
1984	4.82	124.00	0.00
1985	9.65	124.00	0.00
1986	14.47	124.00	0.00
1987	19.30	124.00	0.00
1988	24.12	124.00	0.00
1989	28.95	124.00	0.00
1990	33.77	124.00	0.00
1991	38.60	124.00	0.00
1992	43.42	124.00	0.00
1993	48.25	124.00	0.00
1994	53.07	124.00	0.00
1995	57.90	124.00	0.00
1996	62.72	124.00	0.00
1997	67.55	124.00	0.00
1998	72.37	124.00	0.00
1999	77.20	124.00	0.00
2000	82.02	124.00	0.00
2001	86.85	124.00	0.00
2002	91.67	124.00	0.00
2003	96.50	124.00	0.00
2004	101.32	124.00	0.00
2005	106.15	124.00	0.00
2006	110.97	124.00	0.00
2007	115.80	124.00	0.00
2008	120.62	124.00	0.00
2009	125.45	124.00	0.00
2010	130.27	124.00	0.00
2011	135.10	124.00	0.00
2012	139.92	124.00	0.00
2013	144.75	124.00	0.00
2014	149.57	124.00	0.00
2015	154.40	124.00	0.00
2016	159.22	124.00	0.00
2017	164.05	124.00	0.00
2018	168.87	124.00	0.00
2019	173.70	124.00	0.00
2020	178.52	124.00	0.00
2021	-176.65	124.00	0.00
2022	-171.83	124.00	0.00
2023	-167.01	124.00	0.00
2024	-162.18	124.00	0.00
2025	-157.36	124.00	0.00
2026	-152.53	124.00	0.00
2027	-147.71	124.00	0.00
2028	-142.88	124.00	0.00
2029	-138.06	124.00	0.00
2030	-133.23	124.00	0.00
2031	-128.41	124.00	0.00
2032	-123.58	124.00	0.00
2033	-118.76	124.00	0.00
2034	-113.93	124.00	0.00
2035	-109.11	124.00	0.00
2036	-104.28	124.00	0.00
2037	-99.46	124.00	0.00
2038	-94.63	124.00	0.00
2039	-89.81	124.00	0.00
2040	-84.98	124.00	0.00
2041	-80.16	124.00	0.00
2042	-75.33	124.00	0.00
2043	-70.51	124.00	0.00
2044	-65.68	124.00	0.00
2045	-60.86	124.00	0.00
2046	-56.03	124.00	0.00
2047	-51.21	124.00	0.00
2048	-46.38	124.00	0.00
2049	-41.56	124.00	0.00
2050	-36.73	124.00	0.00
2051	-31.91	124.00	0.00
2052	-27.08	124.00	0.00
2053	-22.26	124.00	0.00
2054	-17.43	124.00	0.00
2055	-12.61	124.00	0.00
2056	-7.78	124.00	0.00
2057	-2.96	124.00	0.00
2058	0.00	128.00	0.00
2059	5.08	128.00	0.00
2060	10.15	128.00	0.00
2061	15.23	128.00	0.00
2062	20.30	128.00	0.00
2063	25.38	128.00	0.00
2064	30.46	128.00	0.00
2065	35.53	128.00	0.00
2066	40.61	128.00	0.00
2067	45.68	128.00	0.00
2068	50.76	128.00	0.00
2069	55.84	128.00	0.00
2070	60.91	128.00	0.00
2071	65.99	128.00	0.00
2072	71.07	128.00	0.00
2073	76.14	128.00	0.00
2074	81.22	128.00	0.00
2075	86.29	128.00	0.00
2076	91.37	128.00	0.00
2077	96.45	128.00	0.00
2078	101.52	128.00	0.00
2079	106.60	128.00	0.00
2080	111.67	128.00	0.00
2081	116.75	128.00	0.00
2082	121.83	128.00	0.00
2083	126.90	128.00	0.00
2084	131.98	128.00	0.00
2085	137.05	128.00	0.00
2086	142.13	128.00	0.00
2087	147.21	128.00	0.00
2088	152.28	128.00	0.00
2089	157.36	128.00	0.00
2090	162.43	128.00	0.00
2091	167.51	128.00	0.00
2092	172.59	128.00	0.00
2093	177.66	128.00	0.00
2094	-177.26	128.00	0.00
2095	-172.19	128.00	0.00
2096	-167.11	128.00	0.00
2097	-162.03	128.00	0.00
2098	-156.96	128.00	0.00
2099	-151.88	128.00	0.00
2100	-146.80	128.00	0.00
2101	-141.73	128.00	0.00
2102	-136.65	128.00	0.00
2103	-131.58	128.00	0.00
2104	-126.50	128.00	0.00
2105	-121.42	128.00	0.00
2106	-116.35	128.00	0.00
2107	-111.27	128.00	0.00
2108	-106.20	128.00	0.00
2109	-101.12	128.00	0.00
2110	-96.04	128.00	0.00
2111	-90.97	128.00	0.00
2112	-85.89	128.00	0.00
2113	-80.82	128.00	0.00
2114	-75.74	128.00	0.00
2115	-70.66	128.00	0.00
2116	-65.59	128.00	0.00
2117	-60.51	128.00	0.00
2118	-55.44	128.00	0.00
2119	-50.36	128.00	0.00
2120	-45.28	128.00	0.00
2121	-40.21	128.00	0.00
2122	-35.13	128.00	0.00
2123	-30.05	128.00	0.00
2124	-24.98	128.00	0.00
2125	-19.90	128.00	0.00
2126	-14.83	128.00	0.00
2127	-9.75	128.00	0.00
2128	-4.67	128.00	0.00
2129	0.00	132.00	0.00
2130	5.38	132.00	0.00
2131	10.77	132.00	0.00
2132	16.15	132.00	0.00
2133	21.53	132.00	0.00
2134	26.91	132.00	0.00
2135	32.30	132.00	0.00
2136	37.68	132.00	0.00
2137	43.06	132.00	0.00
2138	48.44	132.00	0.00
2139	53.83	132.00	0.00
2140	59.21	132.00	0.00
2141	64.59	132.00	0.00
2142	69.97	132.00	0.00
2143	75.36	132.00	0.00
2144	80.74	132.00	0.00
2145	86.12	132.00	0.00
2146	91.50	132.00	0.00
2147	96.89	132.00	0.00
2148	102.27	132.00	0.00
2149	107.65	132.00	0.00
2150	113.03	132.00	0.00
2151	118.42	132.00	0.00
2152	123.80	132.00	0.00
2153	129.18	132.00	0.00
2154	134.56	132.00	0.00
2155	139.95	132.00	0.00
2156	145.33	132.00	0.00
2157	150.71	132.00	0.00
2158	156.09	132.00	0.00
2159	161.48	132.00	0.00
2160	166.86	132.00	0.00
2161	172.24	132.00	0.00
2162	177.62	132.00	0.00
2163	-176.99	132.00	0.00
2164	-171.61	132.00	0.00
2165	-166.23	132.00	0.00
2166	-160.85	132.00	0.00
2167	-155.46	132.00	0.00
2168	-150.08	132.00	0.00
2169	-144.70	132.00	0.00
2170	-139.32	132.00	0.00
2171	-133.93	132.00	0.00
2172	-128.55	132.00	0.00
2173	-123.17	132.00	0.00
2174	-117.79	132.00	0.00
2175	-112.40	132.00	0.00
2176	-107.02	132.00	0.00
2177	-101.64	132.00	0.00
2178	-96.26	132.00	0.00
2179	-90.87	132.00	0.00
2180	-85.49	132.00	0.00
2181	-80.11	132.00	0.00
2182	-74.73	132.00	0.00
2183	-69.34	132.00	0.00
2184	-63.96	132.00	0.00
2185	-58.58	132.00	0.00
2186	-53.20	132.00	0.00
2187	-47.81	132.00	0.00
2188	-42.43	132.00	0.00
2189	-37.05	132.00	0.00
2190	-31.67	132.00	0.00
2191	-26.28	132.00	0.00
2192	-20.90	132.00	0.00
2193	-15.52	132.00	0.00
2194	-10.14	132.00	0.00
2195	-4.75	132.00	0.00
2196	0.00	136.00	0.00
2197	5.76	136.00	0.00
2198	11.52	136.00	0.00
2199	17.27	136.00	0.00
2200	23.03	136.00	0.00
2201	28.79	136.00	0.00
2202	34.55	136.00	0.00
2203	40.31	136.00	0.00
2204	46.07	136.00	0.00
2205	51.82	136.00	0.00
2206	57.58	136.00	0.00
2207	63.34	136.00	0.00
2208	69.10	136.00	0.00
2209	74.86	136.00	0.00
2210	80.62	136.00	0.00
2211	86.37	136.00	0.00
2212	92.13	136.00	0.00
2213	97.89	136.00	0.00
2214	103.65	136.00	0.00
2215	109.41	136.00	0.00
2216	115.16	136.00	0.00
2217	120.92	136.00	0.00
2218	126.68	136.00	0.00
2219	132.44	136.00	0.00
2220	138.20	136.00	0.00
2221	143.96	136.00	0.00
2222	149.71	136.00	0.00
2223	155.47	136.00	0.00
2224	161.23	136.00	0.00
2225	166.99	136.00	0.00
2226	172.75	136.00	0.00
2227	178.50	136.00	0.00
2228	-175.74	136.00	0.00
2229	-169.98	136.00	0.00
2230	-164.22	136.00	0.00
2231	-158.46	136.00	0.00
2232	-152.70	136.00	0.00
2233	-146.95	136.00	0.00
2234	-141.19	136.00	0.00
2235	-135.43	136.00	0.00
2236	-129.67	136.00	0.00
2237	-123.91	136.00	0.00
2238	-118.15	136.00	0.00
2239	-112.40	136.00	0.00
2240	-106.64	136.00	0.00
2241	-100.88	136.00	0.00
2242	-95.12	136.00	0.00
2243	-89.36	136.00	0.00
2244	-83.61	136.00	0.00
2245	-77.85	136.00	0.00
2246	-72.09	136.00	0.00
2247	-66.33	136.00	0.00
2248	-60.57	136.00	0.00
2249	-54.81	136.00	0.00
2250	-49.06	136.00	0.00
2251	-43.30	136.00	0.00
2252	-37.54	136.00	0.00
2253	-31.78	136.00	0.00
2254	-26.02	136.00	0.00
2255	-20.26	136.00	0.00
2256	-14.51	136.00	0.00
2257	-8.75	136.00	0.00
2258	-2.99	136.00	0.00
2259	0.00	140.00	0.00
2260	6.22	140.00	0.00
2261	12.45	140.00	0.00
2262	18.67	140.00	0.00
2263	24.89	140.00	0.00
2264	31.11	140.00	0.00
2265	37.34	140.00	0.00
2266	43.56	140.00	0.00
2267	49.78	140.00	0.00
2268	56.01	140.00	0.00
2269	62.23	140.00	0.00
2270	68.45	140.00	0.00
2271	74.67	140.00	0.00
2272	80.90	140.00	0.00
2273	87.12	140.00	0.00
2274	93.34	140.00	0.00
2275	99.57	140.00	0.00
2276	105.79	140.00	0.00
2277	112.01	140.00	0.00
2278	118.23	140.00	0.00
2279	124.46	140.00	0.00
2280	130.68	140.00	0.00
2281	136.90	140.00	0.00
2282	143.13	140.00	0.00
2283	149.35	140.00	0.00
2284	155.57	140.00	0.00
2285	161.80	140.00	0.00
2286	168.02	140.00	0.00
2287	174.24	140.00	0.00
2288	-179.54	140.00	0.00
2289	-173.31	140.00	0.00
2290	-167.09	140.00	0.00
2291	-160.87	140.00	0.00
2292	-154.64	140.00	0.00
2293	-148.42	140.00	0.00
2294	-142.20	140.00	0.00
2295	-135.98	140.00	0.00
2296	-129.75	140.00	0.00
2297	-123.53	140.00	0.00
2298	-117.31	140.00	0.00
2299	-111.08	140.00	0.00
2300	-104.86	140.00	0.00
2301	-98.64	140.00	0.00
2302	-92.42	140.00	0.00
2303	-86.19	140.00	0.00
2304	-79.97	140.00	0.00
2305	-73.75	140.00	0.00
2306	-67.52	140.00	0.00
2307	-61.30	140.00	0.00
2308	-55.08	140.00	0.00
2309	-48.86	140.00	0.00
2310	-42.63	140.00	0.00
2311	-36.41	140.00	0.00
2312	-30.19	140.00	0.00
2313	-23.96	140.00	0.00
2314	-17.74	140.00	0.00
2315	-11.52	140.00	0.00
2316	-5.29	140.00	0.00
2317	0.00	144.00	0.00
2318	6.81	144.00	0.00
2319	13.61	144.00	0.00
2320	20.42	144.00	0.00
2321	27.22	144.00	0.00
2322	34.03	144.00	0.00
2323	40.83	144.00	0.00
2324	47.64	144.00	0.00
2325	54.44	144.00	0.00
2326	61.25	144.00	0.00
2327	68.05	144.00	0.00
2328	74.86	144.00	0.00
2329	81.66	144.00	0.00
2330	88.47	144.00	0.00
2331	95.27	144.00	0.00
2332	102.08	144.00	0.00
2333	108.88	144.00	0.00
2334	115.69	144.00	0.00
2335	122.49	144.00	0.00
2336	129.30	144.00	0.00
2337	136.10	144.00	0.00
2338	142.91	144.00	0.00
2339	149.71	144.00	0.00
2340	156.52	144.00	0.00
2341	163.32	144.00	0.00
2342	170.13	144.00	0.00
2343	176.94	144.00	0.00
2344	-176.26	144.00	0.00
2345	-169.45	144.00	0.00
2346	-162.65	144.00	0.00
2347	-155.84	144.00	0.00
2348	-149.04	144.00	0.00
2349	-142.23	144.00	0.00
2350	-135.43	144.00	0.00
2351	-128.62	144.00	0.00
2352	-121.82	144.00	0.00
2353	-115.01	144.00	0.00
2354	-108.21	144.00	0.00
2355	-101.40	144.00	0.00
2356	-94.60	144.00	0.00
2357	-87.79	144.00	0.00
2358	-80.99	144.00	0.00
2359	-74.18	144.00	0.00
2360	-67.38	144.00	0.00
2361	-60.57	144.00	0.00
2362	-53.77	144.00	0.00
2363	-46.96	144.00	0.00
2364	-40.16	144.00	0.00
2365	-33.35	144.00	0.00
2366	-26.54	144.00	0.00
2367	-19.74	144.00	0.00
2368	-12.93	144.00	0.00
2369	-6.13	144.00	0.00
2370	0.00	148.00	0.00
2371	7.55	148.00	0.00
2372	15.10	148.00	0.00
2373	22.64	148.00	0.00
2374	30.19	148.00	0.00
2375	37.74	148.00	0.00
2376	45.29	148.00	0.00
2377	52.84	148.00	0.00
2378	60.39	148.00	0.00
2379	67.93	148.00	0.00
2380	75.48	148.00	0.00
2381	83.03	148.00	0.00
2382	90.58	148.00	0.00
2383	98.13	148.00	0.00
2384	105.68	148.00	0.00
2385	113.22	148.00	0.00
2386	120.77	148.00	0.00
2387	128.32	148.00	0.00
2388	135.87	148.00	0.00
2389	143.42	148.00	0.00
2390	150.97	148.00	0.00
2391	158.51	148.00	0.00
2392	166.06	148.00	0.00
2393	173.61	148.00	0.00
2394	-178.84	148.00	0.00
2395	-171.29	148.00	0.00
2396	-163.74	148.00	0.00
2397	-156.20	148.00	0.00
2398	-148.65	148.00	0.00
2399	-141.10	148.00	0.00
2400	-133.55	148.00	0.00
2401	-126.00	148.00	0.00
2402	-118.45	148.00	0.00
2403	-110.91	148.00	0.00
2404	-103.36	148.00	0.00
2405	-95.81	148.00	0.00
2406	-88.26	148.00	0.00
2407	-80.71	148.00	0.00
2408	-73.16	148.00	0.00
2409	-65.62	148.00	0.00
2410	-58.07	148.00	0.00
2411	-50.52	148.00	0.00
2412	-42.97	148.00	0.00
2413	-35.42	148.00	0.00
2414	-27.87	148.00	0.00
2415	-20.33	148.00	0.00
2416	-12.78	148.00	0.00
2417	-5.23	148.00	0.00
2418	0.00	152.00	0.00
2419	8.52	152.00	0.00
2420	17.04	152.00	0.00
2421	25.56	152.00	0.00
2422	34.08	152.00	0.00
2423	42.60	152.00	0.00
2424	51.12	152.00	0.00
2425	59.64	152.00	0.00
2426	68.16	152.00	0.00
2427	76.68	152.00	0.00
2428	85.20	152.00	0.00
2429	93.72	152.00	0.00
2430	102.24	152.00	0.00
2431	110.76	152.00	0.00
2432	119.28	152.00	0.00
2433	127.80	152.00	0.00
2434	136.32	152.00	0.00
2435	144.84	152.00	0.00
2436	153.36	152.00	0.00
2437	161.88	152.00	0.00
2438	170.40	152.00	0.00
2439	178.92	152.00	0.00
2440	-172.56	152.00	0.00
2441	-164.03	152.00	0.00
2442	-155.51	152.00	0.00
2443	-146.99	152.00	0.00
2444	-138.47	152.00	0.00
2445	-129.95	152.00	0.00
2446	-121.43	152.00	0.00
2447	-112.91	152.00	0.00
2448	-104.39	152.00	0.00
2449	-95.87	152.00	0.00
2450	-87.35	152.00	0.00
2451	-78.83	152.00	0.00
2452	-70.31	152.00	0.00
2453	-61.79	152.00	0.00
2454	-53.27	152.00	0.00
2455	-44.75	152.00	0.00
2456	-36.23	152.00	0.00
2457	-27.71	152.00	0.00
2458	-19.19	152.00	0.00
2459	-10.67	152.00	0.00
2460	-2.15	152.00	0.00
2461	0.00	156.00	0.00
2462	9.83	156.00	0.00
2463	19.67	156.00	0.00
2464	29.50	156.00	0.00
2465	39.34	156.00	0.00
2466	49.17	156.00	0.00
2467	59.01	156.00	0.00
2468	68.84	156.00	0.00
2469	78.67	156.00	0.00
2470	88.51	156.00	0.00
2471	98.34	156.00	0.00
2472	108.18	156.00	0.00
2473	118.01	156.00	0.00
2474	127.85	156.00	0.00
2475	137.68	156.00	0.00
2476	147.52	156.00	0.00
2477	157.35	156.00	0.00
2478	167.18	156.00	0.00
2479	177.02	156.00	0.00
2480	-173.15	156.00	0.00
2481	-163.31	156.00	0.00
2482	-153.48	156.00	0.00
2483	-143.64	156.00	0.00
2484	-133.81	156.00	0.00
2485	-123.97	156.00	0.00
2486	-114.14	156.00	0.00
2487	-104.31	156.00	0.00
2488	-94.47	156.00	0.00
2489	-84.64	156.00	0.00
2490	-74.80	156.00	0.00
2491	-64.97	156.00	0.00
2492	-55.13	156.00	0.00
2493	-45.30	156.00	0.00
2494	-35.47	156.00	0.00
2495	-25.63	156.00	0.00
2496	-15.80	156.00	0.00
2497	-5.96	156.00	0.00
2498	0.00	160.00	0.00
2499	11.70	160.00	0.00
2500	23.39	160.00	0.00
2501	35.09	160.00	0.00
2502	46.78	160.00	0.00
2503	58.48	160.00	0.00
2504	70.17	160.00	0.00
2505	81.87	160.00	0.00
2506	93.56	160.00	0.00
2507	105.26	160.00	0.00
2508	116.95	160.00	0.00
2509	128.65	160.00	0.00
2510	140.34	160.00	0.00
2511	152.04	160.00	0.00
2512	163.73	160.00	0.00
2513	175.43	160.00	0.00
2514	-172.88	160.00	0.00
2515	-161.18	160.00	0.00
2516	-149.49	160.00	0.00
2517	-137.79	160.00	0.00
2518	-126.10	160.00	0.00
2519	-114.40	160.00	0.00
2520	-102.71	160.00	0.00
2521	-91.01	160.00	0.00
2522	-79.31	160.00	0.00
2523	-67.62	160.00	0.00
2524	-55.92	160.00	0.00
2525	-44.23	160.00	0.00
2526	-32.53	160.00	0.00
2527	-20.84	160.00	0.00
2528	-9.14	160.00	0.00
2529	0.00	164.00	0.00
2530	14.51	164.00	0.00
2531	29.02	164.00	0.00
2532	43.54	164.00	0.00
2533	58.05	164.00	0.00
2534	72.56	164.00	0.00
2535	87.07	164.00	0.00
2536	101.58	164.00	0.00
2537	116.09	164.00	0.00
2538	130.61	164.00	0.00
2539	145.12	164.00	0.00
2540	159.63	164.00	0.00
2541	174.14	164.00	0.00
2542	-171.35	164.00	0.00
2543	-156.83	164.00	0.00
2544	-142.32	164.00	0.00
2545	-127.81	164.00	0.00
2546	-113.30	164.00	0.00
2547	-98.79	164.00	0.00
2548	-84.28	164.00	0.00
2549	-69.76	164.00	0.00
2550	-55.25	164.00	0.00
2551	-40.74	164.00	0.00
2552	-26.23	164.00	0.00
2553	-11.72	164.00	0.00
2554	0.00	168.00	0.00
2555	19.24	168.00	0.00
2556	38.48	168.00	0.00
2557	57.72	168.00	0.00
2558	76.96	168.00	0.00
2559	96.19	168.00	0.00
2560	115.43	168.00	0.00
2561	134.67	168.00	0.00
2562	153.91	168.00	0.00
2563	173.15	168.00	0.00
2564	-167.61	168.00	0.00
2565	-148.37	168.00	0.00
2566	-129.13	168.00	0.00
2567	-109.89	168.00	0.00
2568	-90.65	168.00	0.00
2569	-71.42	168.00	0.00
2570	-52.18	168.00	0.00
2571	-32.94	168.00	0.00
2572	-13.70	168.00	0.00
2573	0.00	172.00	0.00
2574	28.74	172.00	0.00
2575	57.48	172.00	0.00
2576	86.22	172.00	0.00
2577	114.96	172.00	0.00
2578	143.71	172.00	0.00
2579	172.45	172.00	0.00
2580	-158.81	172.00	0.00
2581	-130.07	172.00	0.00
2582	-101.33	172.00	0.00
2583	-72.59	172.00	0.00
2584	-43.85	172.00	0.00
2585	-15.11	172.00	0.00
2586	0.00	176.00	0.00
2587	57.34	176.00	0.00
2588	114.68	176.00	0.00
2589	172.03	176.00	0.00
2590	-130.63	176.00	0.00
2591	-73.29	176.00	0.00
2592	-15.95	176.00	0.00
2593	0.00	180.00	-0.00
2594	0.00	180.00	-171.43
e2project3d.py...done
